   1 41.504 15.717
   2 47.927 15.707
   3 45.514 15.733
   4 39.767 15.732
   5 48.193 15.731
   6 60.926 15.721
   7 54.374 15.756
   8 55.025 15.768
   9 72.970 15.719
  10 53.223 15.730
  11 57.364 15.720
  12 38.711 15.714
  13 50.465 15.753
  14 35.573 15.718
  15 39.317 15.693
  16 45.396 15.744
  17 46.041 15.704
  18 52.481 15.749
  19 41.635 15.765
  20 50.017 15.738
  21 42.672 15.733
  22 42.753 15.729
  23 44.250 15.733
  24 70.956 15.734
  25 52.150 15.704
  26 53.641 15.733
  27 54.777 15.719
  28 62.348 15.749
  29 41.373 15.739
  30 43.673 15.722
  31 53.224 15.708
  32 49.520 15.730
  33 51.561 15.957
  34 45.466 15.780
  35 47.221 15.734
  36 47.076 15.731
  37 45.143 15.734
  38 51.309 15.718
  39 52.287 15.718
  40 41.599 15.711
  41 57.216 15.732
  42 51.702 15.718
  43 44.486 15.875
  44 47.213 15.756
  45 49.197 15.720
  46 72.887 15.741
  47 46.099 15.743
  48 61.851 15.717
  49 56.749 15.730
  50 47.429 15.741
  51 41.111 15.788
  52 47.455 15.877
  53 49.389 15.734
  54 54.259 15.798
  55 53.766 15.718
  56 50.310 15.732
  57 44.333 15.741
  58 52.329 15.731
  59 44.655 15.712
  60 43.738 15.716
  61 45.753 15.740
  62 53.153 15.733
  63 62.746 15.722
  64 53.342 15.724
  65 46.373 15.702
  66 36.873 15.721
  67 69.240 15.733
  68 54.928 15.721
  69 46.975 15.716
  70 37.284 15.721
  71 44.433 15.731
  72 47.315 15.726
  73 42.368 15.705
  74 53.409 15.746
  75 87.890 15.708
  76 51.747 15.732
  77 39.845 15.717
  78 47.433 15.737
  79 73.314 15.776
  80 34.438 15.762
  81 47.835 15.739
  82 43.118 15.747
  83 41.190 15.790
  84 47.110 15.777
  85 46.245 15.733
  86 42.737 15.738
  87 41.704 15.732
  88 48.404 15.736
  89 58.841 15.731
  90 55.558 15.744
  91 45.517 15.710
  92 42.802 15.789
  93 34.344 15.709
  94 39.890 15.734
  95 52.780 15.763
  96 42.975 15.737
  97 42.716 15.718
  98 44.565 15.731
  99 38.491 15.707
