   1 36.573 45.777
   2 44.248 41.918
   3 41.757 49.513
   4 37.776 43.204
   5 45.153 36.961
   6 56.041 29.978
   7 49.937 37.148
   8 49.684 46.893
   9 70.043 39.770
  10 48.833 44.992
  11 54.120 50.385
  12 35.613 38.379
  13 47.201 36.218
  14 32.108 45.446
  15 36.751 45.776
  16 42.570 41.285
  17 42.995 47.395
  18 49.455 41.689
  19 39.493 38.551
  20 46.047 33.469
  21 39.936 41.848
  22 40.744 45.776
  23 41.237 40.887
  24 62.981 46.404
  25 49.399 36.799
  26 48.686 44.619
  27 50.658 38.582
  28 59.211 41.601
  29 38.788 49.146
  30 40.497 45.711
  31 49.505 40.929
  32 44.238 34.987
  33 48.234 38.845
  34 41.903 34.207
  35 42.491 39.078
  36 44.347 46.685
  37 40.927 44.295
  38 44.200 46.052
  39 49.305 32.144
  40 37.982 34.120
  41 54.540 34.943
  42 48.983 29.657
  43 42.055 51.494
  44 44.202 40.976
  45 46.175 33.149
  46 67.469 33.330
  47 42.454 32.836
  48 59.533 32.686
  49 52.976 31.447
  50 40.013 43.234
  51 38.019 47.294
  52 44.228 36.628
  53 45.528 32.597
  54 51.534 30.599
  55 51.725 33.459
  56 46.828 33.662
  57 41.526 34.208
  58 49.178 32.609
  59 42.473 36.280
  60 40.213 36.407
  61 43.713 29.898
  62 46.691 37.709
  63 57.512 33.011
  64 50.116 29.840
  65 43.734 30.727
  66 34.200 39.137
  67 61.309 35.988
  68 50.141 35.454
  69 44.664 33.591
  70 34.549 41.748
  71 40.801 32.424
  72 42.534 38.101
  73 39.447 40.199
  74 45.797 31.730
  75 82.221 38.159
  76 47.937 35.629
  77 36.754 36.324
  78 42.761 39.014
  79 65.007 35.563
  80 31.459 39.100
  81 42.819 37.461
  82 39.018 36.820
  83 37.181 38.248
  84 43.108 32.228
  85 40.691 35.145
  86 40.133 22.894
  87 39.347 23.149
  88 41.809 19.012
  89 55.117 19.112
  90 50.550 20.055
  91 40.566 20.564
  92 34.807 32.217
  93 28.618 20.964
  94 36.375 19.829
  95 47.973 17.954
  96 40.160 18.331
  97 41.498 19.491
  98 40.004 20.528
  99 36.350 29.490
