   1 58.727 3.910
   2 66.028 4.053
   3 67.074 4.413
   4 52.621 4.030
   5 60.055 4.033
   6 79.537 4.076
   7 79.819 4.015
   8 79.485 4.165
   9 78.261 3.861
  10 68.571 4.002
  11 82.159 4.070
  12 58.933 3.808
  13 73.245 3.957
  14 59.152 3.905
  15 53.219 4.055
  16 62.227 3.929
  17 55.399 3.896
  18 60.740 3.901
  19 52.427 3.889
  20 65.580 3.952
  21 61.341 3.904
  22 53.822 3.761
  23 53.881 3.882
  24 92.922 3.963
  25 60.099 4.100
  26 75.857 3.841
  27 75.940 4.123
  28 76.603 3.918
  29 66.475 3.948
  30 64.168 3.897
  31 80.890 4.061
  32 74.782 3.944
  33 81.179 4.038
  34 64.352 4.054
  35 77.910 3.767
  36 53.798 4.069
  37 58.660 4.050
  38 89.169 3.815
  39 62.054 3.746
  40 56.646 3.916
  41 71.973 3.891
  42 63.458 3.896
  43 62.111 3.984
  44 58.705 3.861
  45 56.557 3.980
  46 84.954 3.920
  47 59.937 4.031
  48 67.100 4.048
  49 70.715 3.954
  50 69.789 4.006
  51 60.321 3.905
  52 56.348 3.941
  53 61.247 3.938
  54 60.950 3.888
  55 69.280 3.963
  56 60.629 3.862
  57 62.799 3.986
  58 67.886 4.001
  59 56.720 3.784
  60 69.281 3.917
  61 57.545 3.901
  62 87.127 3.925
  63 89.860 3.924
  64 60.057 3.906
  65 54.732 3.958
  66 56.181 3.963
  67 120.099 4.079
  68 99.133 4.034
  69 56.279 4.004
  70 54.707 3.830
  71 58.730 3.869
  72 69.070 3.959
  73 53.970 3.973
  74 76.476 3.961
  75 129.556 4.028
  76 65.960 3.875
  77 59.551 3.821
  78 74.393 3.955
  79 96.473 4.020
  80 51.492 3.932
  81 73.592 4.017
  82 67.181 3.896
  83 58.745 3.770
  84 61.278 4.004
  85 68.115 3.916
  86 57.341 3.881
  87 54.856 4.132
  88 72.398 3.911
  89 79.319 4.013
  90 83.959 4.232
  91 61.861 4.120
  92 66.531 3.913
  93 63.184 3.909
  94 51.648 4.080
  95 74.058 4.095
  96 60.185 4.186
  97 52.565 4.337
  98 68.288 4.215
  99 57.738 4.708
 100 67.718 4.152
 101 71.479 3.838
 102 60.438 3.817
 103 97.230 3.919
 104 62.547 3.977
 105 70.486 3.983
 106 74.707 3.906
 107 62.132 3.920
 108 59.300 4.041
 109 53.718 3.936
 110 84.230 3.864
 111 62.932 3.918
 112 57.332 3.974
 113 59.492 3.809
 114 75.143 4.395
 115 106.543 3.972
 116 62.488 3.989
 117 70.481 4.007
 118 57.858 4.540
 119 78.514 4.062
 120 55.161 3.995
 121 50.076 3.808
 122 54.542 3.894
 123 66.044 3.922
 124 55.533 3.872
 125 79.787 4.022
 126 58.424 4.744
 127 62.676 3.889
 128 60.090 4.035
 129 53.749 4.059
 130 55.919 3.913
 131 65.522 3.985
 132 54.391 4.393
 133 53.217 4.445
 134 60.577 3.811
 135 51.761 3.849
 136 49.795 3.833
 137 115.274 4.054
 138 60.075 3.717
 139 50.563 3.906
 140 56.592 4.268
 141 60.499 3.935
 142 57.503 4.003
 143 66.453 3.934
 144 65.118 4.500
 145 58.790 4.289
 146 74.841 3.989
 147 73.159 4.346
 148 73.659 5.049
 149 61.207 4.011
 150 53.240 4.069
 151 77.356 4.139
 152 75.465 4.543
 153 73.454 3.872
 154 111.884 4.114
 155 49.289 3.783
 156 60.817 3.876
 157 87.150 3.853
 158 58.081 3.891
 159 79.910 3.996
 160 63.669 4.170
 161 65.749 4.484
 162 58.825 3.883
 163 69.700 4.642
 164 65.457 4.278
 165 64.847 3.905
 166 98.935 4.408
 167 66.166 4.267
 168 86.029 4.250
 169 50.008 3.877
 170 77.490 4.789
 171 59.101 3.995
 172 70.557 4.486
 173 86.659 4.454
 174 66.879 4.557
 175 67.762 180.278
 176 84.264 3.972
 177 62.980 3.892
 178 69.977 3.944
 179 59.728 3.855
 180 71.174 4.028
 181 78.383 4.096
 182 64.870 3.806
 183 55.598 4.159
 184 73.859 4.136
 185 53.282 4.035
 186 62.193 4.177
 187 58.967 4.239
 188 71.928 3.785
 189 61.166 3.905
 190 64.646 3.795
 191 64.584 3.931
 192 70.457 3.863
 193 73.593 3.919
 194 58.029 4.118
 195 60.836 3.913
 196 76.767 3.911
 197 72.440 4.424
 198 53.053 4.064
 199 54.246 4.007
 200 68.333 4.005
 201 53.159 3.939
 202 57.323 3.885
 203 66.629 3.935
 204 55.532 3.865
 205 78.861 3.901
 206 75.654 3.878
 207 70.959 3.949
 208 81.831 3.879
 209 69.311 3.807
 210 60.309 3.977
 211 83.448 3.816
 212 51.775 3.782
 213 69.969 3.861
 214 92.717 3.990
 215 92.934 4.151
 216 53.992 5.351
 217 52.270 4.149
 218 53.269 3.954
 219 49.800 4.203
 220 72.092 3.867
 221 57.391 4.012
 222 60.038 3.846
 223 72.659 3.783
 224 111.292 4.031
 225 57.733 3.999
 226 71.831 3.983
 227 69.688 3.858
 228 59.102 4.118
 229 48.451 4.297
 230 85.519 3.940
 231 62.821 4.132
 232 94.873 3.796
 233 62.228 3.933
 234 65.876 3.863
 235 68.031 3.938
 236 74.036 3.922
 237 66.520 3.969
 238 60.987 3.883
 239 60.049 3.814
 240 67.981 3.768
 241 61.886 3.916
 242 59.131 3.875
 243 62.305 3.893
 244 69.257 3.896
 245 54.476 3.916
 246 58.777 3.722
 247 58.178 3.853
 248 67.509 3.948
 249 61.853 3.851
 250 100.321 3.891
 251 53.350 3.831
 252 85.349 3.849
 253 59.281 3.855
 254 59.406 3.931
 255 107.205 3.850
 256 51.889 3.743
 257 72.894 3.928
 258 64.606 3.800
 259 69.896 3.951
 260 97.684 3.892
 261 52.826 3.952
 262 57.336 3.915
 263 60.703 3.874
 264 58.999 3.886
 265 62.873 3.902
 266 51.939 3.911
 267 112.445 3.811
 268 56.365 3.831
 269 67.344 4.010
 270 69.025 3.981
 271 57.856 3.889
 272 58.761 3.870
 273 60.675 3.784
 274 54.591 3.915
 275 68.464 3.893
 276 98.814 3.883
 277 56.244 3.917
 278 142.072 3.981
 279 63.522 3.865
 280 91.645 3.836
 281 136.857 3.875
 282 57.905 3.821
 283 57.669 3.770
 284 74.261 3.957
 285 90.259 3.885
 286 61.854 3.927
 287 65.915 3.935
 288 75.514 3.830
 289 69.398 3.919
 290 58.905 3.849
 291 67.503 4.011
 292 55.076 3.949
 293 59.640 3.947
 294 63.733 3.865
 295 68.188 3.789
 296 50.246 3.718
 297 66.745 3.809
 298 53.893 3.897
 299 60.091 3.867
 300 57.904 3.828
 301 77.191 3.858
 302 66.051 3.891
 303 73.755 3.813
 304 79.576 3.910
 305 53.274 3.830
 306 79.482 3.868
 307 56.966 3.766
 308 54.759 3.851
 309 75.733 3.941
 310 76.049 3.803
 311 60.870 4.037
 312 59.929 3.749
 313 68.387 3.858
 314 62.313 3.773
 315 55.092 4.044
 316 77.973 3.889
 317 55.852 3.944
 318 63.321 3.913
 319 59.430 4.088
 320 66.211 3.778
 321 72.770 4.393
 322 57.530 4.236
 323 79.537 3.943
 324 56.929 4.224
 325 73.348 4.234
 326 96.882 4.013
 327 57.694 4.375
 328 60.851 3.854
 329 64.504 3.766
 330 65.156 3.735
 331 56.084 3.805
 332 51.423 3.941
 333 64.713 3.994
 334 59.582 4.002
 335 65.510 4.176
 336 59.965 4.160
 337 72.195 4.009
 338 49.744 3.861
 339 51.725 4.071
 340 57.111 3.859
 341 68.772 4.040
 342 65.254 4.011
 343 69.408 3.880
 344 98.319 3.886
 345 57.396 4.711
 346 55.885 4.476
 347 61.960 4.099
 348 68.801 3.994
 349 76.575 4.030
 350 71.910 3.794
 351 55.738 3.888
 352 71.015 4.052
 353 69.997 4.336
 354 57.386 4.445
 355 71.459 4.424
 356 60.161 3.874
 357 54.155 4.077
 358 52.040 3.812
 359 63.196 3.933
 360 56.080 4.068
 361 53.690 3.793
 362 54.636 4.635
 363 57.018 7.686
 364 60.975 4.046
 365 59.694 3.988
 366 74.314 3.892
 367 65.353 3.953
 368 55.529 4.860
 369 72.400 4.645
 370 62.692 4.799
 371 117.230 4.449
 372 66.822 4.662
 373 67.770 5.371
 374 68.116 4.071
 375 68.909 4.141
 376 54.840 4.117
 377 53.970 4.011
 378 54.781 4.247
 379 63.229 4.187
 380 59.337 3.915
 381 54.459 4.065
 382 66.853 4.009
 383 60.079 4.100
 384 53.457 4.033
 385 78.210 3.919
 386 66.168 3.939
 387 72.748 4.060
 388 72.996 3.994
 389 51.002 3.959
 390 61.090 3.791
 391 51.841 3.904
 392 69.802 3.932
 393 93.923 3.928
 394 95.699 3.925
 395 58.871 4.040
 396 63.425 4.206
 397 74.658 4.036
 398 54.979 4.166
 399 54.871 4.162
 400 59.228 4.079
 401 63.935 4.089
 402 55.116 3.962
 403 63.630 4.151
 404 62.162 3.971
 405 59.120 3.884
 406 47.634 4.118
 407 62.403 3.890
 408 70.887 3.870
 409 77.829 3.919
 410 69.409 3.834
 411 71.525 3.961
 412 66.962 4.059
 413 70.814 3.818
 414 63.372 3.922
 415 61.007 3.915
 416 58.866 3.940
 417 60.529 4.097
 418 58.075 4.288
 419 68.489 4.259
 420 59.667 3.937
 421 53.376 4.034
 422 55.922 3.996
 423 58.078 4.019
 424 67.293 3.806
 425 55.833 3.869
 426 78.909 4.613
 427 68.982 4.872
 428 53.746 3.827
 429 63.815 3.839
 430 53.344 4.173
 431 64.126 3.999
 432 70.897 3.867
 433 63.853 3.931
 434 53.528 4.066
 435 62.110 3.888
 436 64.618 3.801
 437 68.970 4.145
 438 97.135 3.862
 439 64.182 3.963
 440 61.450 4.215
 441 61.418 4.065
 442 64.981 3.774
 443 62.177 3.896
 444 57.969 4.016
 445 66.254 3.882
 446 68.403 4.069
 447 56.563 4.123
 448 58.574 3.949
 449 59.074 3.908
 450 61.365 4.024
 451 61.039 3.920
 452 57.573 3.920
 453 55.945 3.976
 454 96.806 4.100
 455 65.467 4.422
 456 96.195 4.036
 457 54.041 4.404
 458 55.227 3.870
 459 54.549 4.603
 460 56.423 4.183
 461 107.883 4.704
 462 63.361 4.915
 463 77.301 4.297
 464 62.786 4.726
 465 64.496 5.014
 466 58.137 4.706
 467 139.181 4.152
 468 65.890 4.516
 469 86.912 4.170
 470 52.492 4.625
 471 58.454 4.776
 472 51.783 4.960
 473 70.506 7.345
 474 67.159 11.344
 475 55.206 5.473
 476 55.320 8.893
 477 58.559 20.731
 478 81.318 12.200
 479 61.837 22.243
 480 63.820 14.269
 481 58.699 8.129
 482 83.958 10.292
 483 63.397 4.573
 484 65.300 10.347
 485 58.035 5.461
 486 67.737 5.451
 487 85.009 6.249
 488 63.402 4.986
 489 72.586 5.364
 490 62.468 4.496
 491 64.659 4.393
 492 62.393 4.971
 493 68.934 4.612
 494 70.265 4.391
 495 65.631 4.285
 496 56.733 4.370
 497 69.441 4.814
 498 52.531 4.778
 499 94.927 4.740
 500 62.098 4.489
 501 55.294 4.553
 502 55.414 3.982
 503 75.641 4.833
 504 65.698 4.876
 505 62.076 4.791
 506 54.615 4.828
 507 73.798 4.783
 508 62.883 4.246
 509 67.089 4.427
 510 63.800 4.683
 511 70.985 4.163
 512 79.216 3.895
 513 65.596 3.838
 514 53.945 3.951
 515 60.718 3.954
 516 55.539 3.738
 517 66.716 3.857
 518 70.837 4.289
 519 59.697 4.161
 520 62.376 4.100
 521 68.756 4.015
 522 60.000 4.065
 523 67.318 4.583
 524 57.510 4.622
 525 67.473 3.914
 526 69.833 3.911
 527 72.855 3.803
 528 59.660 3.751
 529 63.500 3.802
 530 52.162 3.848
 531 65.268 3.835
 532 60.132 3.944
 533 72.477 3.830
 534 58.276 4.059
 535 64.052 3.956
 536 64.546 4.179
 537 61.698 4.787
 538 56.015 4.126
 539 74.531 4.343
 540 54.601 3.937
 541 85.594 4.224
 542 65.090 4.046
 543 88.941 3.810
 544 80.845 3.766
 545 66.650 3.898
 546 78.243 3.956
 547 64.062 3.899
 548 82.090 4.046
 549 65.306 4.249
 550 60.535 4.346
 551 56.895 4.022
 552 54.098 3.978
 553 64.828 3.963
 554 65.148 4.011
 555 101.259 3.890
 556 57.630 3.869
 557 62.289 3.940
 558 54.255 3.874
 559 65.314 3.978
 560 67.834 4.125
 561 54.875 3.950
 562 77.472 3.979
 563 59.892 4.097
 564 72.146 3.894
 565 57.544 3.935
 566 62.885 4.016
 567 85.624 3.970
 568 60.313 4.019
 569 61.964 3.959
 570 59.391 4.185
 571 64.181 3.905
 572 96.217 4.115
 573 81.284 3.933
 574 56.353 4.131
 575 66.926 3.928
 576 55.368 3.913
 577 82.017 4.139
 578 85.645 3.887
 579 53.073 4.003
 580 74.108 3.870
 581 55.217 3.927
 582 59.993 4.052
 583 75.494 4.063
 584 48.821 4.011
 585 59.726 3.950
 586 50.487 3.912
 587 73.741 3.844
 588 62.771 3.943
 589 99.129 4.045
 590 52.873 4.286
 591 75.915 3.905
 592 53.303 3.845
 593 70.430 3.964
 594 57.321 3.829
 595 52.979 3.820
 596 70.255 3.920
 597 67.866 3.933
 598 61.551 4.211
 599 51.436 4.379
 600 54.910 4.292
 601 65.073 3.916
 602 74.511 3.914
 603 67.819 3.840
 604 57.286 3.880
 605 72.964 3.849
 606 64.570 3.794
 607 71.169 3.822
 608 52.698 3.940
 609 62.616 3.963
 610 87.037 3.883
 611 65.948 3.881
 612 59.160 3.790
 613 54.156 3.948
 614 53.786 3.891
 615 84.554 3.777
 616 64.260 3.893
 617 59.177 3.932
 618 79.234 3.939
 619 56.330 3.938
 620 58.168 3.793
 621 50.763 4.031
 622 63.844 3.891
 623 55.940 4.061
 624 64.178 4.005
 625 59.973 3.898
 626 62.650 3.909
 627 76.494 3.851
 628 62.521 3.838
 629 65.865 3.811
 630 120.292 3.870
 631 65.450 3.915
 632 56.400 3.939
 633 71.964 3.825
 634 56.643 3.910
 635 87.492 3.853
 636 60.849 3.825
 637 80.353 3.930
 638 57.143 4.030
 639 64.202 3.875
 640 58.765 3.972
 641 56.285 4.172
 642 56.303 4.503
 643 66.816 4.260
 644 75.032 3.898
 645 54.608 3.920
 646 63.509 3.951
 647 64.841 4.004
 648 58.154 4.077
 649 60.796 4.106
 650 65.463 4.063
 651 62.662 6.285
 652 55.921 4.588
 653 109.734 4.284
 654 51.226 3.859
 655 55.964 3.999
 656 56.138 3.876
 657 60.844 3.773
 658 53.881 3.890
 659 64.619 3.918
 660 63.197 4.108
 661 60.820 4.649
 662 55.784 4.491
 663 58.082 4.126
 664 76.516 4.260
 665 57.752 5.007
 666 112.897 4.182
 667 56.926 3.985
 668 59.853 4.637
 669 64.314 4.917
 670 73.173 6.652
 671 62.354 4.275
 672 58.754 4.590
 673 52.674 4.222
 674 62.654 4.578
 675 51.619 4.231
 676 63.303 4.376
 677 61.575 3.920
 678 58.552 4.085
 679 57.696 4.106
 680 51.677 3.817
 681 53.569 3.840
 682 62.317 3.970
 683 56.580 4.003
 684 70.232 4.108
 685 57.256 4.021
 686 86.682 4.098
 687 53.919 3.991
 688 92.079 3.941
 689 69.087 3.985
 690 53.609 3.882
 691 70.079 3.794
 692 57.053 3.878
 693 60.844 3.964
 694 57.577 3.977
 695 57.570 4.001
 696 61.980 3.935
 697 73.615 3.883
 698 68.140 3.839
 699 65.378 3.994
 700 64.460 3.905
 701 62.113 3.913
 702 60.802 3.900
 703 72.916 3.805
 704 73.790 3.856
 705 64.929 3.856
 706 58.532 3.915
 707 57.061 4.003
 708 57.373 3.787
 709 62.022 3.813
 710 54.673 4.001
 711 64.770 3.901
 712 61.930 3.962
 713 61.563 3.874
 714 134.910 4.073
 715 74.036 3.841
 716 107.705 3.942
 717 66.159 4.004
 718 54.671 5.606
 719 77.580 4.574
 720 63.914 4.397
 721 60.193 4.114
 722 69.253 4.951
 723 97.656 4.230
 724 64.927 4.703
 725 121.397 4.551
 726 64.146 4.725
 727 68.894 7.511
 728 56.172 5.059
 729 52.007 5.982
 730 58.008 4.265
 731 54.999 4.127
 732 54.078 5.849
 733 67.694 4.126
 734 63.693 4.006
 735 53.515 4.041
 736 58.443 4.212
 737 87.982 4.070
 738 97.951 4.277
 739 62.118 3.924
 740 54.317 4.389
 741 61.507 3.856
 742 59.564 3.980
 743 53.555 4.210
 744 88.521 3.915
 745 64.051 3.971
 746 66.362 4.142
 747 53.926 4.489
 748 68.997 4.171
 749 65.363 4.021
 750 75.113 4.876
 751 56.608 5.063
 752 77.246 4.053
 753 70.427 4.030
 754 59.904 3.982
 755 70.309 4.003
 756 57.863 3.931
 757 71.566 4.052
 758 65.015 4.018
 759 109.371 3.910
 760 56.919 3.923
 761 53.651 4.192
 762 55.465 4.034
 763 67.849 4.037
 764 60.883 3.978
 765 55.346 3.922
 766 50.678 4.080
 767 64.737 4.183
 768 107.037 3.830
 769 71.799 3.989
 770 56.331 3.868
 771 75.153 3.816
 772 65.225 3.981
 773 67.595 3.890
 774 56.074 3.928
 775 61.822 3.961
 776 56.082 3.743
 777 66.131 3.977
 778 51.503 3.881
 779 63.938 4.021
 780 64.065 3.948
 781 58.877 4.108
 782 55.876 4.143
 783 61.075 4.072
 784 59.599 4.077
 785 81.329 4.145
 786 73.052 4.135
 787 68.304 3.889
 788 69.459 4.047
 789 64.250 3.992
 790 65.396 4.142
 791 60.518 5.407
 792 66.066 3.966
 793 65.524 4.168
 794 56.095 4.389
 795 60.596 4.021
 796 66.869 3.938
 797 65.852 4.414
 798 80.818 3.985
 799 62.900 3.929
 800 56.329 4.130
 801 55.484 3.930
 802 77.377 3.977
 803 56.099 4.054
 804 63.086 4.070
 805 64.066 4.002
 806 51.180 3.836
 807 70.475 3.890
 808 66.489 4.113
 809 79.217 4.094
 810 67.362 4.217
 811 56.847 3.962
 812 81.909 3.857
 813 58.972 4.080
 814 72.623 4.147
 815 72.983 3.873
 816 57.530 4.305
 817 66.828 4.133
 818 62.301 3.827
 819 58.975 3.953
 820 90.717 4.195
 821 62.572 4.591
 822 65.793 4.833
 823 66.108 4.178
 824 69.720 4.434
 825 87.533 3.888
 826 56.398 3.850
 827 69.377 4.002
 828 54.936 4.058
 829 57.228 4.044
 830 68.681 3.803
 831 55.614 3.949
 832 60.472 3.883
 833 64.965 3.924
 834 88.155 3.890
 835 66.674 4.034
 836 65.014 3.880
 837 63.876 3.924
 838 138.670 3.967
 839 81.752 3.967
 840 121.605 4.088
 841 74.978 3.886
 842 60.046 4.349
 843 53.923 4.353
 844 59.458 4.120
 845 82.361 4.143
 846 71.339 4.037
 847 67.194 3.936
 848 85.150 3.948
 849 60.091 3.739
 850 56.971 3.835
 851 55.097 3.882
 852 63.617 4.028
 853 54.835 4.070
 854 62.810 4.274
 855 60.355 4.111
 856 59.341 3.974
 857 66.492 4.096
 858 52.411 4.415
 859 57.248 4.302
 860 89.644 3.986
 861 64.239 3.962
 862 52.192 3.927
 863 65.891 3.902
 864 54.374 4.131
 865 58.738 4.103
 866 72.357 3.883
 867 60.578 4.244
 868 63.734 7.464
 869 51.843 4.887
 870 71.528 4.487
 871 48.871 4.521
 872 81.889 4.424
 873 57.248 4.250
 874 67.923 4.359
 875 66.438 4.275
 876 61.255 4.266
 877 58.018 3.896
 878 72.411 4.116
 879 51.349 3.960
 880 56.525 4.017
 881 60.789 4.026
 882 68.595 3.842
 883 68.783 4.025
 884 75.663 4.145
 885 56.334 3.950
 886 73.971 3.900
 887 56.773 4.035
 888 78.092 4.025
 889 70.114 3.872
 890 54.072 3.802
 891 54.349 3.982
 892 72.113 3.937
 893 51.233 3.818
 894 54.216 3.786
 895 53.302 3.948
 896 53.366 3.792
 897 58.245 3.757
 898 78.949 3.848
 899 69.948 3.936
 900 70.330 3.903
 901 64.739 3.881
 902 58.290 4.012
 903 58.091 4.062
 904 60.122 4.645
 905 91.960 4.254
 906 72.929 4.363
 907 58.799 4.593
 908 74.505 4.373
 909 83.349 5.980
 910 67.710 4.558
 911 67.393 3.960
 912 53.905 4.087
 913 51.984 3.992
 914 81.709 4.181
 915 138.438 4.097
 916 72.472 3.812
 917 51.847 3.943
 918 61.729 3.812
 919 86.925 4.020
 920 84.145 3.761
 921 50.447 4.005
 922 88.326 3.933
 923 56.515 3.916
 924 64.624 3.956
 925 57.842 3.948
 926 54.162 4.039
 927 58.597 3.792
 928 60.414 3.773
 929 58.429 3.868
 930 71.838 3.873
 931 70.105 4.091
 932 62.440 3.985
 933 72.274 3.985
 934 70.291 4.068
 935 100.004 4.133
 936 63.614 4.164
 937 61.216 3.907
 938 73.710 4.015
 939 102.405 3.931
 940 68.212 4.011
 941 53.724 4.011
 942 66.142 3.957
 943 65.519 4.105
 944 62.412 4.031
 945 59.752 4.050
 946 50.855 3.874
 947 53.302 4.051
 948 100.298 4.043
 949 111.781 4.135
 950 49.994 4.078
 951 57.197 4.078
 952 50.347 4.107
 953 79.588 3.945
 954 57.654 4.205
 955 73.713 4.679
 956 61.657 4.073
 957 68.174 4.006
 958 62.022 4.058
 959 73.960 3.856
 960 61.946 4.257
 961 70.832 4.381
 962 54.129 4.196
 963 50.019 6.221
 964 57.927 5.418
 965 64.063 5.664
 966 69.339 5.020
 967 56.237 4.924
 968 81.597 4.949
 969 74.618 5.077
 970 57.090 4.433
 971 61.400 4.712
 972 102.071 4.609
 973 70.483 4.221
 974 64.856 4.106
 975 61.331 4.046
 976 77.436 4.924
 977 67.401 4.572
 978 56.992 4.694
 979 61.756 4.291
 980 68.046 4.102
 981 65.782 4.000
 982 53.141 3.811
 983 57.483 3.853
 984 55.973 3.901
 985 59.948 3.960
 986 52.028 3.837
 987 62.509 3.843
 988 53.596 3.825
 989 75.415 3.972
 990 98.750 3.892
 991 62.264 4.125
 992 53.131 4.023
 993 52.750 3.897
 994 56.039 3.853
 995 62.029 3.875
 996 56.595 3.967
 997 57.841 4.249
 998 59.582 4.673
 999 85.511 4.068
