   1 45.063 1.356
   2 53.528 1.327
   3 52.488 1.374
   4 43.692 1.340
   5 52.406 1.348
   6 68.753 1.336
   7 60.367 1.358
   8 61.076 1.351
   9 78.999 1.342
  10 58.158 1.349
  11 60.716 1.390
  12 42.484 1.376
  13 57.318 1.344
  14 41.342 1.334
  15 42.184 1.330
  16 49.768 1.381
  17 49.252 1.371
  18 56.875 1.398
  19 44.738 1.398
  20 55.425 1.535
  21 48.025 1.379
  22 47.420 1.440
  23 48.316 1.342
  24 80.533 1.443
  25 55.056 1.391
  26 58.207 1.402
  27 60.263 1.369
  28 66.309 1.449
  29 47.736 1.420
  30 52.038 1.446
  31 59.586 1.509
  32 59.130 1.410
  33 55.928 1.423
  34 51.036 1.362
  35 53.499 1.357
  36 49.898 1.499
  37 49.655 1.497
  38 59.599 1.438
  39 54.976 1.394
  40 46.542 1.357
  41 62.591 1.383
  42 55.327 1.379
  43 49.410 1.514
  44 50.490 1.481
  45 51.937 1.363
  46 82.557 1.509
  47 49.849 1.403
  48 67.276 1.566
  49 61.257 1.507
  50 54.162 1.597
  51 45.968 1.586
  52 50.278 1.461
  53 54.142 1.522
  54 56.219 1.525
  55 59.083 1.387
  56 53.003 1.393
  57 47.865 1.524
  58 57.647 1.464
  59 49.236 1.368
  60 48.743 1.432
  61 49.376 1.474
  62 62.375 1.406
  63 68.853 1.399
  64 56.427 1.405
  65 50.980 1.415
  66 43.415 1.396
  67 79.966 1.439
  68 65.462 1.497
  69 50.375 1.484
  70 41.295 1.443
  71 49.519 1.396
  72 53.100 1.418
  73 44.646 1.473
  74 59.493 1.390
  75 101.109 1.391
  76 55.394 1.397
  77 44.401 1.401
  78 56.262 1.418
  79 79.874 1.382
  80 38.597 1.437
  81 55.848 1.475
  82 47.285 1.450
  83 45.768 1.387
  84 53.092 1.387
  85 53.467 1.513
  86 47.137 1.522
  87 44.321 1.525
  88 56.054 1.430
  89 64.039 1.477
  90 63.810 1.485
  91 51.719 1.475
  92 51.445 1.503
  93 41.403 1.358
  94 44.408 1.415
  95 58.534 1.477
  96 46.756 1.415
  97 46.786 1.484
  98 50.864 1.399
  99 43.316 1.506
 100 51.396 1.429
 101 55.313 1.475
 102 49.137 1.440
 103 70.886 1.418
 104 47.745 1.426
 105 59.310 1.336
 106 52.994 1.352
 107 53.623 1.429
 108 57.795 1.405
 109 53.199 1.394
 110 63.346 1.399
 111 51.746 1.552
 112 53.780 1.404
 113 50.730 1.398
 114 56.019 1.373
 115 66.021 1.413
 116 53.596 1.404
 117 59.074 1.434
 118 54.987 1.381
 119 57.235 1.355
 120 49.923 1.374
 121 39.895 1.390
 122 41.963 1.421
 123 64.139 1.492
 124 52.869 1.507
 125 63.444 1.479
 126 51.788 1.672
 127 59.772 1.457
 128 52.402 1.402
 129 43.954 1.392
 130 45.909 1.396
 131 50.441 1.415
 132 42.201 1.367
 133 41.430 1.399
 134 58.044 1.449
 135 45.106 1.408
 136 37.415 1.348
 137 83.273 1.378
 138 43.137 1.359
 139 40.738 1.422
 140 43.446 1.371
 141 46.422 1.393
 142 42.754 1.501
 143 50.876 1.387
 144 54.154 1.405
 145 47.574 1.439
 146 57.715 1.397
 147 60.580 1.462
 148 49.415 1.512
 149 52.520 1.384
 150 45.481 1.399
 151 61.672 1.367
 152 59.442 1.361
 153 60.698 1.361
 154 78.267 1.423
 155 40.379 1.395
 156 53.318 1.371
 157 60.373 1.370
 158 51.307 1.473
 159 60.681 1.403
 160 50.524 1.453
 161 55.224 1.483
 162 48.175 1.389
 163 53.417 1.469
 164 50.579 1.446
 165 49.458 1.477
 166 76.623 1.516
 167 59.281 1.384
 168 50.799 1.503
 169 34.950 1.374
 170 61.002 1.386
 171 47.349 1.355
 172 58.247 1.327
 173 55.255 1.337
 174 53.150 1.332
 175 58.343 1.414
 176 66.576 1.382
 177 54.722 1.365
 178 56.142 1.380
 179 46.483 1.382
 180 60.468 1.389
 181 72.366 1.515
 182 52.175 1.359
 183 49.967 1.399
 184 55.426 1.344
 185 43.659 1.384
 186 47.717 1.381
 187 50.288 1.354
 188 46.637 1.357
 189 51.301 1.383
 190 49.386 1.388
 191 42.646 1.333
 192 49.574 1.354
 193 63.389 1.322
 194 54.785 1.389
 195 48.402 1.496
 196 49.132 1.516
 197 50.945 1.338
 198 40.457 1.380
 199 46.632 1.368
 200 53.341 1.375
 201 48.259 1.524
 202 47.761 1.404
 203 54.039 1.382
 204 51.310 1.413
 205 55.150 1.515
 206 58.637 1.478
 207 53.761 1.545
 208 58.850 1.428
 209 57.570 1.466
 210 53.219 1.399
 211 52.007 1.466
 212 43.448 1.425
 213 48.169 1.444
 214 67.640 1.401
 215 69.965 1.464
 216 46.761 1.445
 217 49.202 1.351
 218 44.706 1.387
 219 46.091 1.402
 220 55.619 1.416
 221 52.196 1.332
 222 44.018 1.357
 223 61.245 1.356
 224 92.203 1.433
 225 49.382 1.432
 226 50.334 1.356
 227 63.309 1.359
 228 52.182 1.344
 229 43.428 1.343
 230 61.132 1.357
 231 59.993 1.351
 232 63.049 1.355
 233 49.806 1.368
 234 53.664 1.379
 235 65.487 1.363
 236 60.124 1.473
 237 60.306 1.568
 238 51.325 1.617
 239 52.024 1.554
 240 60.723 1.412
 241 54.625 1.460
 242 47.703 1.412
 243 51.745 1.368
 244 58.402 1.346
 245 48.771 1.359
 246 51.718 1.382
 247 48.175 1.387
 248 57.234 1.392
 249 55.379 1.377
 250 76.677 1.388
 251 51.069 1.370
 252 63.424 1.364
 253 46.298 1.364
 254 49.744 1.429
 255 70.818 1.367
 256 43.378 1.441
 257 54.074 1.377
 258 64.530 1.357
 259 54.145 1.467
 260 68.056 1.511
 261 47.740 1.438
 262 43.434 1.381
 263 52.987 1.516
 264 52.340 1.409
 265 51.181 1.420
 266 42.565 1.560
 267 83.649 1.459
 268 48.679 1.430
 269 49.875 1.514
 270 46.223 1.460
 271 48.363 1.500
 272 45.525 1.429
 273 55.214 1.494
 274 43.738 1.434
 275 51.716 1.391
 276 77.528 1.463
 277 52.913 1.495
 278 108.393 1.586
 279 52.608 1.495
 280 60.566 1.435
 281 110.525 1.347
 282 48.347 1.447
 283 44.389 1.442
 284 59.310 1.523
 285 60.534 1.498
 286 50.201 1.497
 287 46.638 1.474
 288 53.210 1.447
 289 63.022 1.420
 290 54.385 1.416
 291 63.667 1.454
 292 41.866 1.431
 293 46.393 1.416
 294 52.462 1.420
 295 48.567 1.394
 296 44.893 1.370
 297 59.831 1.464
 298 44.552 1.509
 299 51.238 1.452
 300 45.952 1.457
 301 62.127 1.485
 302 51.984 1.405
 303 59.854 1.366
 304 59.117 1.416
 305 46.146 1.401
 306 59.185 1.372
 307 42.500 1.374
 308 48.200 1.349
 309 62.864 1.427
 310 51.991 1.376
 311 45.766 1.452
 312 50.049 1.409
 313 67.162 1.372
 314 54.908 1.481
 315 52.550 1.453
 316 59.415 1.453
 317 40.555 1.372
 318 55.000 1.405
 319 49.618 1.395
 320 45.598 1.363
 321 59.155 1.377
 322 51.322 1.353
 323 65.452 1.399
 324 44.043 1.442
 325 47.787 1.384
 326 74.993 1.382
 327 50.896 1.400
 328 48.803 1.396
 329 50.260 1.368
 330 47.325 1.355
 331 51.304 1.391
 332 45.411 1.380
 333 56.199 1.449
 334 52.367 1.454
 335 53.642 1.415
 336 50.431 1.369
 337 59.825 1.420
 338 41.804 1.400
 339 38.116 1.446
 340 54.679 1.381
 341 46.424 1.425
 342 56.834 1.472
 343 55.297 1.503
 344 71.499 1.397
 345 50.879 1.324
 346 50.822 1.462
 347 49.134 1.467
 348 53.917 1.525
 349 64.189 1.449
 350 60.218 1.357
 351 38.091 1.367
 352 60.289 1.434
 353 59.495 1.396
 354 44.101 1.412
 355 49.770 1.447
 356 56.296 1.414
 357 43.372 1.454
 358 45.451 1.377
 359 47.875 1.372
 360 45.903 1.536
 361 38.269 1.369
 362 47.625 1.454
 363 51.606 1.411
 364 50.938 1.357
 365 55.786 1.442
 366 56.248 1.461
 367 48.873 1.500
 368 46.958 1.475
 369 64.836 1.483
 370 50.012 1.466
 371 84.311 1.457
 372 54.444 1.445
 373 61.384 1.470
 374 58.393 1.427
 375 57.929 1.446
 376 45.291 1.384
 377 46.877 1.359
 378 50.210 1.411
 379 43.256 1.468
 380 43.546 1.391
 381 48.181 1.354
 382 51.842 1.391
 383 56.437 1.381
 384 43.522 1.393
 385 58.873 1.413
 386 63.536 1.524
 387 52.278 1.435
 388 50.257 1.402
 389 44.795 1.379
 390 52.838 1.426
 391 44.609 1.475
 392 54.579 1.477
 393 64.582 1.555
 394 65.738 1.440
 395 46.547 1.457
 396 56.187 1.411
 397 61.525 1.530
 398 45.505 1.492
 399 46.579 1.448
 400 52.288 1.390
 401 54.293 1.443
 402 49.054 1.392
 403 55.633 1.448
 404 56.592 1.396
 405 49.490 1.379
 406 38.828 1.452
 407 43.920 1.430
 408 67.082 1.447
 409 52.366 1.372
 410 61.753 1.367
 411 51.116 1.525
 412 50.188 1.399
 413 48.660 1.432
 414 60.582 1.427
 415 46.606 1.434
 416 48.006 1.492
 417 46.138 1.490
 418 52.116 1.417
 419 57.125 1.439
 420 54.537 1.490
 421 48.078 1.467
 422 47.554 1.448
 423 56.643 1.400
 424 53.531 1.358
 425 48.778 1.370
 426 55.013 1.403
 427 50.049 1.357
 428 44.839 1.438
 429 46.368 1.385
 430 40.960 1.411
 431 52.292 1.382
 432 52.562 1.373
 433 49.791 1.377
 434 43.807 1.339
 435 44.243 1.337
 436 50.328 1.380
 437 52.120 1.450
 438 71.512 1.376
 439 48.244 1.361
 440 48.560 1.374
 441 50.466 1.467
 442 58.021 1.492
 443 52.844 1.493
 444 48.041 1.509
 445 62.170 1.428
 446 57.158 1.366
 447 47.811 1.454
 448 48.197 1.425
 449 50.849 1.402
 450 47.307 1.446
 451 48.437 1.535
 452 49.903 1.558
 453 50.161 1.411
 454 59.345 1.415
 455 57.259 1.524
 456 64.711 1.396
 457 48.011 1.413
 458 41.458 1.408
 459 43.034 1.428
 460 46.303 1.466
 461 83.142 1.422
 462 56.611 1.370
 463 63.954 1.441
 464 47.489 1.425
 465 43.170 1.359
 466 48.146 1.379
 467 108.220 1.447
 468 57.999 1.391
 469 65.338 1.450
 470 38.862 1.404
 471 44.332 1.377
 472 46.112 1.419
 473 58.487 1.348
 474 51.752 1.337
 475 43.077 1.368
 476 52.378 1.382
 477 48.816 1.392
 478 61.297 1.369
 479 47.853 1.535
 480 52.032 1.368
 481 50.589 1.492
 482 63.012 1.488
 483 57.574 1.367
 484 56.800 1.399
 485 52.650 1.483
 486 56.677 1.505
 487 66.137 1.436
 488 54.896 1.537
 489 50.832 1.489
 490 52.974 1.495
 491 55.345 1.410
 492 53.151 1.479
 493 51.678 1.418
 494 57.643 1.382
 495 52.349 1.398
 496 47.538 1.389
 497 51.285 1.382
 498 39.298 1.412
 499 63.675 1.434
 500 48.350 1.464
 501 49.552 1.458
 502 43.526 1.476
 503 57.601 1.345
 504 62.506 1.362
 505 51.032 1.350
 506 40.554 1.328
 507 61.869 1.352
 508 55.348 1.354
 509 49.903 1.366
 510 46.677 1.373
 511 46.640 1.399
 512 60.092 1.378
 513 46.497 1.360
 514 39.566 1.355
 515 55.469 1.404
 516 50.390 1.320
 517 53.554 1.343
 518 57.003 1.465
 519 50.436 1.389
 520 56.860 1.359
 521 55.378 1.376
 522 53.818 1.373
 523 49.321 1.436
 524 54.160 1.503
 525 57.778 1.390
 526 56.747 1.336
 527 52.494 1.447
 528 45.436 1.550
 529 53.214 1.409
 530 40.951 1.397
 531 57.150 1.339
 532 51.230 1.375
 533 60.252 1.462
 534 51.042 1.452
 535 50.549 1.578
 536 53.526 1.581
 537 51.257 1.458
 538 44.943 1.525
 539 61.321 1.486
 540 44.891 1.421
 541 74.061 1.346
 542 51.890 1.378
 543 70.017 1.500
 544 54.951 1.451
 545 51.451 1.379
 546 59.894 1.428
 547 56.103 1.422
 548 62.907 1.356
 549 47.681 1.344
 550 55.380 1.485
 551 45.032 1.555
 552 43.198 1.450
 553 49.581 1.415
 554 63.800 1.418
 555 75.636 1.380
 556 45.089 1.400
 557 48.997 1.373
 558 42.475 1.400
 559 56.081 1.450
 560 60.411 1.455
 561 51.187 1.367
 562 56.591 1.409
 563 47.998 1.388
 564 52.020 1.391
 565 55.301 1.408
 566 54.890 1.574
 567 65.465 1.512
 568 52.377 1.545
 569 50.088 1.438
 570 47.475 1.524
 571 53.705 1.586
 572 80.602 1.507
 573 66.114 1.416
 574 49.997 1.384
 575 48.254 1.391
 576 43.164 1.358
 577 57.457 1.369
 578 65.759 1.354
 579 43.254 1.379
 580 55.590 1.403
 581 49.768 1.420
 582 46.817 1.376
 583 48.300 1.383
 584 42.143 1.377
 585 58.516 1.405
 586 43.321 1.394
 587 46.982 1.410
 588 46.839 1.389
 589 65.125 1.398
 590 53.154 1.404
 591 64.321 1.417
 592 37.877 1.454
 593 62.976 1.466
 594 47.588 1.387
 595 39.279 1.371
 596 58.691 1.401
 597 51.512 1.440
 598 46.151 1.364
 599 43.270 1.446
 600 42.870 1.367
 601 52.698 1.382
 602 54.680 1.339
 603 57.348 1.325
 604 51.151 1.354
 605 61.422 1.347
 606 46.671 1.367
 607 45.202 1.332
 608 46.590 1.380
 609 58.773 1.377
 610 58.484 1.403
 611 53.737 1.431
 612 45.502 1.463
 613 46.928 1.407
 614 50.412 1.434
 615 67.620 1.411
 616 53.901 1.423
 617 55.209 1.332
 618 60.268 1.395
 619 44.197 1.354
 620 47.112 1.498
 621 43.196 1.437
 622 59.062 1.358
 623 47.108 1.432
 624 53.130 1.350
 625 54.943 1.503
 626 57.265 1.383
 627 59.545 1.410
 628 46.505 1.395
 629 53.480 1.364
 630 91.575 1.446
 631 56.408 1.381
 632 48.548 1.484
 633 64.406 1.492
 634 45.054 1.533
 635 66.371 1.452
 636 50.732 1.479
 637 55.971 1.392
 638 51.603 1.412
 639 62.134 1.350
 640 42.855 1.382
 641 49.951 1.374
 642 46.687 1.369
 643 57.411 1.356
 644 51.709 1.358
 645 46.592 1.373
 646 49.537 1.384
 647 53.851 1.391
 648 47.664 1.476
 649 58.954 1.573
 650 58.133 1.440
 651 46.532 1.405
 652 47.066 1.376
 653 78.288 1.474
 654 43.703 1.492
 655 50.414 1.584
 656 47.151 1.510
 657 54.308 1.441
 658 42.744 1.626
 659 52.183 1.548
 660 52.869 1.415
 661 47.933 1.528
 662 48.873 1.520
 663 52.078 1.492
 664 59.611 1.469
 665 48.442 1.390
 666 87.589 1.472
 667 47.904 1.503
 668 42.555 1.465
 669 59.323 1.430
 670 54.571 1.404
 671 57.288 1.390
 672 43.267 1.379
 673 40.143 1.473
 674 53.387 1.432
 675 44.335 1.393
 676 54.639 1.405
 677 51.662 1.375
 678 51.867 1.441
 679 53.603 1.408
 680 44.100 1.377
 681 46.906 1.398
 682 52.341 1.428
 683 40.858 1.363
 684 57.594 1.407
 685 47.700 1.373
 686 61.416 1.457
 687 40.153 1.403
 688 72.387 1.400
 689 51.490 1.404
 690 47.491 1.370
 691 59.503 1.403
 692 41.039 1.360
 693 45.733 1.398
 694 44.018 1.408
 695 50.312 1.402
 696 57.218 1.392
 697 57.581 1.444
 698 64.777 1.449
 699 48.404 1.380
 700 53.244 1.357
 701 50.332 1.413
 702 39.681 1.463
 703 60.781 1.358
 704 66.840 1.376
 705 58.787 1.383
 706 51.402 1.415
 707 46.104 1.385
 708 51.273 1.398
 709 51.815 1.423
 710 41.389 1.424
 711 57.567 1.385
 712 54.334 1.325
 713 48.840 1.353
 714 106.287 1.289
 715 55.298 1.391
 716 77.244 1.376
 717 63.307 1.390
 718 42.364 1.445
 719 63.754 1.381
 720 61.991 1.387
 721 51.329 1.407
 722 50.147 1.393
 723 73.198 1.356
 724 55.161 1.388
 725 83.859 1.339
 726 52.568 1.464
 727 54.307 1.448
 728 53.881 1.401
 729 46.552 1.531
 730 51.776 1.412
 731 45.367 1.391
 732 49.208 1.450
 733 56.000 1.381
 734 52.064 1.390
 735 42.219 1.357
 736 43.871 1.370
 737 56.641 1.405
 738 69.652 1.414
 739 46.460 1.370
 740 44.469 1.439
 741 47.426 1.472
 742 59.304 1.432
 743 50.858 1.403
 744 63.381 1.462
 745 55.533 1.455
 746 46.778 1.513
 747 48.608 1.390
 748 58.426 1.467
 749 51.936 1.402
 750 52.196 1.459
 751 53.875 1.403
 752 52.639 1.362
 753 57.823 1.426
 754 45.445 1.425
 755 59.333 1.402
 756 42.424 1.431
 757 57.407 1.460
 758 58.948 1.418
 759 73.004 1.402
 760 42.077 1.420
 761 47.744 1.417
 762 46.254 1.446
 763 54.566 1.442
 764 52.635 1.415
 765 48.967 1.405
 766 43.982 1.431
 767 51.132 1.428
 768 72.895 1.380
 769 50.853 1.392
 770 51.579 1.391
 771 58.090 1.368
 772 51.571 1.428
 773 52.636 1.439
 774 39.312 1.540
 775 45.319 1.581
 776 46.173 1.497
 777 50.724 1.556
 778 41.527 1.531
 779 49.517 1.623
 780 52.578 1.481
 781 53.511 1.518
 782 48.519 1.415
 783 57.627 1.463
 784 48.826 1.443
 785 47.504 1.381
 786 55.779 1.423
 787 47.142 1.443
 788 55.188 1.425
 789 61.607 1.396
 790 53.181 1.438
 791 47.104 1.388
 792 53.807 1.438
 793 60.531 1.362
 794 42.776 1.425
 795 46.917 1.451
 796 56.654 1.440
 797 56.894 1.403
 798 64.373 1.376
 799 56.100 1.452
 800 43.305 1.389
 801 48.549 1.428
 802 57.122 1.421
 803 48.049 1.403
 804 48.384 1.407
 805 52.925 1.489
 806 45.032 1.390
 807 56.885 1.412
 808 51.706 1.387
 809 66.240 1.430
 810 49.842 1.428
 811 45.296 1.430
 812 66.508 1.396
 813 53.624 1.398
 814 61.687 1.459
 815 46.477 1.480
 816 41.452 1.462
 817 57.496 1.536
 818 52.743 1.404
 819 51.174 1.457
 820 57.105 1.579
 821 60.245 1.409
 822 55.839 1.410
 823 55.906 1.436
 824 50.812 1.440
 825 54.281 1.413
 826 51.492 1.380
 827 53.857 1.412
 828 41.122 1.407
 829 47.253 1.411
 830 47.985 1.383
 831 48.860 1.393
 832 50.970 1.385
 833 57.494 1.407
 834 71.818 1.402
 835 49.423 1.386
 836 56.697 1.467
 837 55.689 1.389
 838 103.784 1.401
 839 55.573 1.369
 840 81.150 1.366
 841 62.930 1.394
 842 44.508 1.379
 843 48.911 1.370
 844 53.734 1.506
 845 61.460 1.407
 846 56.328 1.368
 847 49.674 1.371
 848 54.651 1.379
 849 49.994 1.366
 850 48.820 1.403
 851 49.015 1.356
 852 50.310 1.380
 853 46.715 1.356
 854 52.586 1.367
 855 48.050 1.408
 856 46.991 1.423
 857 51.429 1.440
 858 50.356 1.420
 859 45.341 1.402
 860 65.480 1.361
 861 60.852 1.471
 862 50.247 1.416
 863 46.982 1.402
 864 45.577 1.476
 865 53.879 1.432
 866 64.833 1.392
 867 56.315 1.424
 868 52.483 1.428
 869 42.617 1.502
 870 50.299 1.423
 871 45.277 1.433
 872 61.337 1.487
 873 51.062 1.494
 874 62.395 1.424
 875 52.725 1.390
 876 50.716 1.418
 877 50.734 1.391
 878 56.744 1.413
 879 49.134 1.392
 880 50.354 1.476
 881 57.101 1.360
 882 50.926 1.390
 883 50.247 1.425
 884 51.765 1.486
 885 46.666 1.571
 886 62.610 1.541
 887 48.601 1.522
 888 54.743 1.481
 889 56.845 1.568
 890 45.789 1.447
 891 47.319 1.432
 892 59.985 1.392
 893 46.247 1.455
 894 40.052 1.452
 895 44.522 1.414
 896 42.963 1.404
 897 49.077 1.383
 898 55.756 1.395
 899 50.646 1.428
 900 51.497 1.437
 901 48.550 1.477
 902 48.347 1.438
 903 51.789 1.415
 904 50.697 1.418
 905 77.460 1.436
 906 69.216 1.413
 907 50.752 1.395
 908 62.519 1.475
 909 63.378 1.409
 910 53.803 1.463
 911 58.611 1.451
 912 40.430 1.426
 913 38.977 1.417
 914 57.040 1.475
 915 108.183 1.498
 916 59.935 1.480
 917 47.944 1.471
 918 50.179 1.442
 919 64.102 1.592
 920 58.949 1.554
 921 40.349 1.480
 922 65.365 1.610
 923 46.453 1.539
 924 56.417 1.466
 925 49.683 1.426
 926 43.035 1.419
 927 54.052 1.429
 928 52.802 1.393
 929 53.209 1.389
 930 59.264 1.395
 931 49.778 1.427
 932 55.851 1.459
 933 60.058 1.432
 934 57.129 1.436
 935 71.133 1.472
 936 59.148 1.438
 937 58.860 1.465
 938 62.867 1.376
 939 71.016 1.406
 940 59.783 1.390
 941 40.355 1.429
 942 50.773 1.420
 943 52.049 1.389
 944 45.708 1.376
 945 58.195 1.476
 946 44.384 1.418
 947 46.891 1.417
 948 74.238 1.411
 949 77.990 1.496
 950 40.884 1.446
 951 50.851 1.420
 952 47.658 1.437
 953 62.222 1.423
 954 48.048 1.460
 955 55.183 1.439
 956 44.933 1.449
 957 52.525 1.417
 958 48.414 1.391
 959 61.899 1.428
 960 50.034 1.560
 961 48.797 1.580
 962 42.412 1.550
 963 41.642 1.438
 964 54.385 1.552
 965 46.009 1.520
 966 56.206 1.522
 967 46.700 1.426
 968 60.153 1.410
 969 61.062 1.416
 970 50.088 1.525
 971 59.167 1.424
 972 70.983 1.465
 973 55.143 1.399
 974 45.376 1.420
 975 51.638 1.392
 976 56.514 1.421
 977 54.222 1.416
 978 48.449 1.387
 979 52.811 1.457
 980 58.461 1.429
 981 51.824 1.412
 982 47.729 1.401
 983 48.770 1.428
 984 42.637 1.410
 985 51.268 1.427
 986 46.460 1.412
 987 40.635 1.495
 988 46.630 1.503
 989 61.608 1.410
 990 66.257 1.380
 991 53.561 1.436
 992 49.135 1.432
 993 47.827 1.439
 994 46.473 1.410
 995 51.427 1.451
 996 49.815 1.419
 997 51.273 1.457
 998 51.539 1.436
 999 62.788 1.466
